40.788889
40.793082
40.7663673
40.7836959
40.7854223
40.7158053
40.7176369
40.718217
40.683525
40.580315
40.5795126
40.7066342
40.5798714
40.616717
40.8711229
40.8772019
40.8756136
40.599749
40.781806
40.7553401
40.7872389
40.6783877
40.685539
40.7249679
40.6750036
40.687731
40.818871
40.819155
40.851075
40.8539756
40.5791833
40.5971406
40.601158
40.7659484
40.7413334
40.747583
40.783038
40.7481723
40.7481888
40.7609644
40.762895
40.737971
40.738826
40.7103541
40.7108197
40.7100474
40.677082
40.671804
40.705122
40.6618635
40.7102922
40.7096203
40.674491
40.90936
40.8456293
40.835756
40.843509
40.855415
40.8822561
40.846374
40.885456
40.854312
40.870842
40.888544
40.835575
40.82449
40.8083377
40.829197
40.903225
40.836023
40.840459
40.8097951
40.8226317
40.830115
40.8341298
40.808486
40.8422569
40.783519
40.7158286
40.7347333
40.7145871
40.7145687
40.725237
40.814831
40.843075
40.844422
40.776831
40.760897
40.790177
40.744726
40.722306
40.695754
40.6851118
40.728961
40.736793
40.7186175
40.7181917
40.7020709
40.6978631
40.7822026
40.772643
40.6072933
40.717215
40.7850656
40.682402
40.671847
40.6132299
40.7179676
40.7180809
40.719504
40.7201
40.7165641
40.710912
40.791865
40.7246618
40.7030784
40.694828
40.6917993
40.757587
40.603381
40.59538
40.6405831
40.7695047
40.796331
40.8045789
40.801627
40.793785
40.5998976
40.5574296
40.7334336
40.7747313
40.7758139
40.785446
40.7408046
40.7403237
40.727486
40.6720094
40.7034543
40.6608093
40.742403
40.737321
40.752736
40.7576302
40.6924364
40.675737
40.7257922
40.7298292
40.727163
40.7045412
40.6732115
40.6656031
40.702796
40.7101636
40.698144
40.6036824
40.7439195
40.7451266
40.7658079
40.7155803
40.7156263
40.7238617
40.5962431
40.7155
40.7941049
40.7405029
40.7408089
40.634375
40.634267
40.633466
40.891429
40.904584
40.83829
40.847657
40.8178813
40.8569005
40.8699726
40.889409
40.843839
40.880965
40.873801
40.814634
40.8113467
40.883023
40.863244
40.8834919
40.8801893
40.839718
40.849096
40.819581
40.841516
40.678677
40.678475
40.663401
40.6224157
40.8932834
40.64412
40.6517223
40.651273
40.638252
40.836472
40.822119
40.8487371
40.836198
40.830253
40.831659
40.845761
40.83506
40.815015
40.8622561
40.846102
40.8771908
40.878865
40.8985941
40.832266
40.875283
40.8677491
40.897709
40.838748
40.8262186
40.888002
40.9068017
40.5897516
40.5895991
40.5909439
40.597086
40.6009154
40.626195
40.643113
40.64296
40.6438529
40.578192
40.8556251
40.716122
42.311376
40.666943
40.7047247
40.5871411
40.58863
40.588131
40.58856
40.5903811
40.590686
40.642797
40.6428858
40.64182
40.833442
40.8483919
40.577607
40.577363
40.5883729
40.5875532
40.648989
40.6346228
40.633865
40.6198824
40.635982
40.641946
40.7118986
40.7104305
40.5868513
40.6404489
40.681076
40.706538
40.580281
40.5791071
40.6351609
40.6167299
40.5816597
40.591365
40.586757
40.5873786
40.5777271
40.854669
40.8969387
40.867402
40.82724
40.846577
40.823703
40.881152
40.840036
40.816482
40.810169
40.87299
40.872833
40.882475
40.82147
40.816555
40.851272
40.8609834
40.60025
40.591258
40.707463
40.6147909
40.658763
40.659111
40.57827
40.579035
40.677067
40.676808
40.814254
40.8516484
40.871763
40.891976
40.810078
40.896153
40.8829939
40.895534
40.8026881
40.8566698
40.844431
40.898962
40.893357
40.815211
40.8076916
40.6194879
40.676665
40.5809507
40.5806672
40.5803816
40.5784084
40.5861545
40.587668
40.5761145
40.617796
40.617457
40.8273439
40.846733
40.8444829
40.833373
40.897544
40.8265177
40.8062057
40.843076
40.818078
40.887758
40.845014
40.9089569
40.81826
40.8419952
40.841124
40.8411266
40.82051
40.871758
40.838798
40.655627
40.6531445
40.846129
40.866019
40.839947
40.846736
40.8825087
40.834958
40.879956
40.829096
40.858708
40.83731
40.8863679
40.808319
40.8429068
40.8258229
40.665171
40.6979606
40.7274657
40.590241
40.898834
40.8202
40.829164
40.88241
40.8463522
40.843366
40.872289
40.8676777
40.88509
40.834439
40.8095982
40.8635068
40.902182
40.810127
40.8206269
40.856666
40.8407235
40.8667617
40.847207
40.627621
40.6473722
40.840197
40.851944
40.84657
40.839678
40.8219489
40.831402
40.841247
40.840551
40.853052
40.831247
40.844249
40.866653
40.837796
40.7085285
40.686463
40.6878486
40.6358824
40.6227064
40.875246
40.8276139
40.90509
40.880263
40.809781
40.8139562
40.907696
40.8271159
40.842383
40.8958568
40.8031706
40.854633
40.879101
40.693111
40.6884185
40.7114576
40.649735
40.6388456
40.8366443
40.8341264
40.846367
40.8446706
40.8929196
40.8740815
40.827534
40.844603
40.854694
40.8398759
40.8605942
40.9045946
40.841065
40.841372
40.8519549
40.581266
40.582417
40.582216
40.6151979
40.645184
40.8454211
40.822218
40.8740299
40.882948
40.83317
40.8357138
40.675928
40.7133797
40.675901
40.7207958
40.7149317
40.6788262
40.585056
40.5833588
40.627625
40.627807
40.61977
40.843776
40.839474
40.85575
40.820936
40.843451
40.810048
40.856319
40.875696
40.828936
40.855053
40.811702
40.83857
40.9005579
40.827568
40.8354633
40.8281692
40.8553097
40.846812
40.6533913
40.7880365
40.615859
40.880074
40.889095
40.831133
40.830413
40.8320407
40.855749
40.834786
40.888235
40.876496
40.843493
40.8594816
40.907071
40.8288269
40.801411
40.820051
40.809292
40.836522
40.840538
40.897342
40.8496863
40.7117046
40.7741918
40.7269324
40.6617971
40.834506
40.820927
40.839054
40.903124
40.834199
40.8496219
40.811832
40.8467781
40.8890328
40.867409
40.826278
40.8177996
40.85452
40.815114
40.893907
40.8444539
40.829755
40.830776
40.8350131
40.836821
40.850585
40.82045
40.8108819
40.814135
40.814828
40.813983
40.849441
40.846831
40.875984
40.6972359
40.5575118
40.5794723
40.677249
40.884925
40.8497946
40.847988
40.8296911
40.646619
40.644184
40.876346
40.8566132
40.90137
40.83049
40.8106641
40.829672
40.867468
40.8070321
40.890711
40.8791621
40.8472193
40.735109
40.6838229
40.7297257
40.7285042
40.607119
40.611991
40.639109
40.622634
40.644835
40.83432
40.8353427
40.844109
40.890046
40.880836
40.8318663
40.902216
40.827106
40.903323
40.851838
40.880992
40.8160884
40.784933
40.607302
40.5818132
40.59753
40.8353387
40.8109663
40.816163
40.905811
40.856093
40.834704
40.8125829
40.8200287
40.8437119
40.9042249
40.8614455
40.814274
40.824488
40.7479517
40.731132
40.7204229
40.7347292
40.5817089
40.719012
40.5823381
40.8605839
40.8321793
40.838624
40.85342
40.842561
40.814197
40.815036
40.8387357
40.8433296
40.8872246
40.609415
40.598158
40.630858
40.5822047
40.596471
40.586602
40.5880356
40.5880189
40.643101
40.8416939
40.826158
40.81046
40.896264
40.8726186
40.8866274
40.846914
40.872593
40.6844191
40.69777
40.8407471
40.82597
40.869029
40.6671422
40.7325528
40.7145622
40.589
40.643333
40.816759
40.8207763
40.846799
40.8837172
40.8418629
40.806062
40.846131
40.858298
40.8122395
40.909089
40.7460854
40.7251392
40.5572505
40.580308
40.580377
40.581599
40.581761
40.594741
40.5960729
40.595524
40.594762
40.622048
40.6235563
40.62544
40.5753482
40.888141
40.8475553
40.833357
40.857632
40.854407
40.886994
40.892365
40.6591641
40.678938
40.6930291
40.7239151
40.6004062
40.609702
40.609239
40.5834071
40.630317
40.6441123
40.894251
40.892274
40.8552747
40.845699
40.81472
40.839146
40.873529
40.820958
40.815544
40.7194542
40.6584068
40.6940463
40.6745132
40.8416726
40.869611
40.8557968
40.81888
40.854035
40.7198968
40.6524583
40.7462077
40.597957
40.8625253
40.8767796
40.5781621
40.580303
40.61525
40.6082698
40.605794
40.579618
40.838711
40.901167
40.859733
40.876147
40.8127803
40.837437
40.8481979
40.596759
40.7530471
40.630469
40.8867166
40.840305
40.859229
42.7729064
40.836005
40.8708247
40.8747872
40.796703
40.8373106
40.666458
40.899924
40.8698472
40.841704
40.578841
40.62886
40.627725
40.843987
40.8134467
40.5570552
40.5569237
40.6758049
40.804269
40.83256
40.8192136
40.839323
40.8387346
40.6624679
40.6118219
40.886387
40.8410141
40.823067
40.813851
40.848503
40.8819276
40.6158781
40.65431
40.692103
40.642251
40.629935
40.903485
40.852118
40.6727499
40.822692
40.863759
40.694341
40.896111
40.8099975
40.818428
40.5941921
40.7142649
40.72871
40.720699
40.7040494
40.634403
40.650793
40.814655
40.8731032
40.7196857
40.7793807
40.581114
40.630555
40.5929298
40.681569
40.7039697
40.6481218
40.7679359
40.7256418
40.7619459
40.6809335
40.8014136
40.7199188
40.7235193
40.7550359
40.7152489
40.645525
40.60837
40.8433933
40.841618
40.700535
40.711433
40.7538944
40.7356849
40.7491315
40.770352
40.7195398
40.680827
40.8622624
40.817891
40.7994752
40.6031498
40.5810809
40.8062018
40.697035
40.7017175
40.7687461
40.7649616
40.596251
40.6783906
40.872331
40.8197612
40.8466842
40.8712561
40.836458
40.8107397
40.834836
40.7653007
40.595313
40.725794
40.7381233
40.5982545
40.7487187
40.7092872
40.7177527
40.703362
40.596205
40.577856
40.579343
40.580191
40.7487366
40.7730604
40.6687749
40.7105648
40.6816431
40.7044121
40.7199812
40.6786288
40.7086502
40.6289299
40.632644
40.611181
40.64326
40.5773613
40.587057
40.8408919
40.7250649
40.7139459
40.6298057
40.8107453
40.6631699
40.7148271
40.6837119
40.820229
40.6696573
40.6746923
40.7213306
40.721501
40.827563
40.883017
40.6616627
40.879015
40.8836639
40.845692
40.886286
40.815774
40.7246198
40.7126719
40.7533758
40.8436081
40.848353
40.8928703
40.8701804
40.846812
40.6985012
40.7120469
40.8812772
40.6273133
40.837287
40.842481
40.7803755
40.7199728
40.8397656
40.7695958
40.7403273
40.73506
40.6649969
40.896331
40.896986
40.9010909
40.8877185
40.85263
40.778372
40.790702
40.5670819
40.6501411
40.811905
40.6825007
40.8745059
40.83831
40.7140396
40.6010432
40.5969347
40.6527084
40.7015579
40.6126825
40.7149697
40.8075847
40.830455
40.8611491
40.7403582
40.8846599
40.8659309
40.83052
40.602392
40.723615
40.789343
40.618773
40.594731
40.834577
40.592036
40.7998742
40.793921
40.8516816
40.682785
40.723891
40.7878516
40.7224092
40.676086
40.673183
40.584952
40.585333
40.613134
40.5773818
40.5866752
40.7223081
40.7565681
40.591774
40.7482618
40.5569005
40.875461
40.8647173
40.5787471
40.5795166
40.6631633
40.7416004
40.748433
40.7512568
40.7485092
40.738435
40.580359
40.7455607
40.6372751
40.6367626
40.726842
40.727436
40.6880438
40.7569002
40.6039935
40.5567908
40.7751022
40.5589988
40.5984216
40.6791223
40.618599
40.707155
40.5554963
40.6616234
40.7015259
40.59154
40.868365
40.6059385
40.5942229
40.717148
40.79894
40.603428
40.861071
40.6038569
40.595394
40.6085985
40.838581
40.8424424
40.718504
40.6482082
40.856137
40.639812
40.6787536
40.649933
40.678679
40.7285861
40.7464756
40.6384304
40.8466532
40.886664
40.677048
40.642397
40.60994
40.697393
40.780837
40.6827937
40.7523292
40.5822052
40.594585
40.7212456
40.8137957
40.85801
40.8866324
40.8439496
40.771849
40.7151876
40.6989517
40.7495669
40.820789
40.8972415
40.6692155
40.7900758
40.717272
40.7180588
40.7731322
40.676884
40.6538394
40.6019291
40.7735868
40.7053612
40.6853345
40.776841
40.5815376
40.884021
40.7186678
40.7490924
40.6840051
40.6843438
40.7702258
40.757835
40.7015351
40.818171
40.7670902
40.7427723
40.7547448
40.604235
40.594065
40.723556
40.6944242
40.6878335
40.682914
40.674055
40.747254
40.77878
40.5842402
40.60873
40.855992
40.710037
40.8506713
40.874245
40.6249558
40.5798393
40.7526508
40.6027292
40.722593
40.5942266
40.7047738
40.7027401
40.860245
40.8300731
40.68421
40.718539
40.840106
40.8850215
40.6833118
40.67198
40.709261
40.6667314
40.6825588
40.6725148
40.69663
40.599544
40.7519162
40.6072146
40.5577229
40.7352898
40.7714521
40.732742
40.772491
40.7391409
40.645134
40.6993672
40.5945116
40.812564
40.8477419
40.838526
40.884182
40.8712426
40.845386
40.8038773
40.817498
40.692328
40.7028143
40.671875
40.761303
40.6759211
40.662826
40.680992
40.7591239
40.6736063
40.7041747
40.6528257
40.7907527
40.8033811
40.823423
40.884129
40.836704
40.807912
40.842087
40.581855
40.598749
40.705677
40.681699
40.872547
40.6207664
40.842467
40.896934
40.879177
40.831316
40.830445
40.8542896
40.7153605
40.869728
40.852428
40.833463
40.688085
40.6515612
40.8027869
40.67042
40.7642493
40.6823168
40.7111608
40.6175587
40.8789759
40.8358473
40.8137196
40.8937375
40.6781845
40.5803244
40.7878586
40.786344
40.7843172
40.680753
40.717478
40.720078
40.629501
40.8527674
40.8147467
40.88893
40.905644
40.820578
40.7102537
40.824745
40.691903
40.7005498
40.813504
40.8835284
40.8399717
40.907004
40.7355335
40.575662
40.788384
40.7132734
40.7736545
40.63876
40.609743
40.7502359
40.604733
40.630594
40.902054
40.678937
40.7080945
40.67556
40.605258
40.825157
40.6919479
40.6686373
40.832406
40.7204063
40.5909586
40.714408
40.7491841
40.710876
40.7302005
40.7285571
40.631115
40.896544
40.840092
40.6607176
40.857165
40.812962
40.5979472
40.7884657
40.687255
40.725597
40.8465195
40.586203
40.587167
40.589911
40.589454
40.601679
40.5991612
40.60203
40.588824
40.5885435
40.538232
40.538989
40.550026
40.5506699
40.551423
40.5503425
40.5521974
40.550814
40.550058
40.551411
40.551742
40.553356
40.553281
40.552576
40.599949
40.6000767
40.6004154
40.600161
40.59883
40.6058329
40.606139
40.606502
40.607251
40.600966
40.600848
40.601988
40.63886
40.629312
40.628062
40.6270678
40.628404
40.634962
40.6326816
40.6149664
40.615343
40.588831
40.589401
40.588773
40.5887862
40.5895999
40.588994
40.599074
40.599851
40.6008132
40.5532619
40.553992
40.55438
40.5510695
40.5510702
40.55293
40.554373
40.6359889
40.6366299
40.580765
40.579345
40.579828
40.576144
40.577523
40.577741
40.578073
40.5764011
40.606329
40.605841
40.605929
40.6122802
40.6107338
40.613565
40.613841
40.612874
40.613902
40.617057
40.6159279
40.587651
40.5897392
40.5902756
40.593
40.5931043
40.593034
40.593121
40.592583
40.592462
40.55493
40.5557469
40.566867
40.567086
40.5685519
40.5597485
40.5593743
40.559317
40.558701
40.561644
40.605333
40.5873656
40.5892389
40.58958
40.591078
40.6190139
40.590263
40.6073841
40.606102
40.6067646
40.6065909
40.603623
40.616637
40.6362
40.6356504
40.633544
40.633376
40.632142
40.6304573
40.6294701
40.630618
40.6290509
40.628328
40.63134
40.598042
40.59775
40.5973527
40.597696
40.598466
40.599118
40.5780109
40.5784
40.578673
40.574896
40.575606
40.575954
40.576546
40.575885
40.6251335
40.62369
40.596281
40.5828025
40.562771
40.562894
40.5582179
40.554366
40.553779
40.9109994
40.594709
40.593584
40.5947231
40.5949309
40.5938817
40.59507
40.593896
40.596286
40.604751
40.603532
40.602066
40.6026049
40.602991
40.6012474
40.601413
40.6030808
40.62716
40.627513
40.627381
40.625637
40.626092
40.620196
40.6185517
40.639991
40.638231
40.62388
40.623944
40.624147
40.6228089
40.624452
40.62426
40.5980459
40.5994296
40.597995
40.598192
40.619748
40.620665
40.618995
40.582397
40.5820785
40.580579
40.580335
40.581155
40.5675
40.5678346
40.566648
40.567064
40.600157
40.628427
40.599686
40.629828
40.629753
40.627852
40.627306
40.627455
40.628609
40.626706
40.626099
40.617022
40.61794
40.617084
40.616217
40.616648
40.618218
40.6180439
40.5992419
40.594936
40.565913
40.558064
40.5561116
40.5561796
40.55746
40.557197
40.5581673
40.5578599
40.554239
40.600837
40.601337
40.6379224
40.637614
40.637893
40.596202
40.596867
40.5970579
40.597028
40.598096
40.597429
40.640239
40.6405888
40.639854
40.638954
40.637855
40.632101
40.6311567
40.631006
40.631265
40.6311567
40.637892
40.633738
40.634285
40.595536
40.596105
40.594676
40.5726337
40.5722999
40.574387
40.57373
40.573183
40.5542013
40.5547361
40.5542891
40.5535409
40.556391
40.557771
40.558509
40.5993573
40.5994939
40.5985924
40.5994088
40.5988751
40.598165
40.603419
40.5986031
40.636297
40.635247
40.637209
40.6354958
40.622542
43.3668166
40.622683
40.571012
40.570334
40.568708
40.571325
40.5687378
40.56973
40.562811
40.563197
40.559289
40.559888
40.5609063
40.5610756
40.54775
40.555468
40.556133
40.555389
40.558051
40.5591282
40.637993
40.6390131
40.6041979
40.603152
40.606423
40.607759
40.606867
40.6379479
40.632007
40.6027541
40.5639043
40.5643314
40.561942
42.0719544
40.556741
40.5559269
40.537012
40.5373064
40.5396256
40.559435
40.5590128
40.5481333
40.5486268
40.55328
40.541462
40.538581
40.53887
40.541328
40.542119
40.5392224
40.604417
40.5987099
40.5965519
40.596689
40.596103
40.596994
40.5945139
40.594968
40.5957933
40.6293436
40.624212
40.621406
40.621694
40.537807
40.536961
40.557679
40.537064
40.561516
40.5563689
40.5557997
40.632504
40.631819
40.632849
40.611951
40.6205179
40.620692
40.6192
40.621298
40.62213
40.59788
40.598538
40.598188
40.598004
40.5971818
40.6406527
40.6215789
40.621134
40.619919
40.640516
40.6364779
40.637188
40.55762
40.583013
40.583202
40.626493
40.6250321
40.6395565
40.604602
40.630811
40.630464
40.627147
40.627304
40.6343869
40.6342981
40.632875
40.612417
40.611483
40.615311
40.6143349
40.5738836
40.5730561
40.6217299
40.600592
40.600871
40.6033779
40.604405
40.602305
40.5891499
40.5849922
40.585549
40.586163
40.58708
40.594553
40.5958195
40.600224
40.599517
40.599249
40.603059
40.616341
40.614445
40.614164
40.614437
40.617747
40.62951
40.632003
40.622455
40.594074
40.5952336
40.59613
40.5954876
40.60117
40.600557
40.5813599
40.580494
40.6013189
40.60707
40.606955
40.606325
40.62567
40.6349639
40.574666
40.575292
40.5804236
40.580106
40.5800868
40.5944209
40.5734582
40.572517
40.5727489
40.5730689
40.578664
40.604097
40.615578
40.6296748
40.615518
40.5972719
40.5936525
40.5998329
40.554274
40.55477
40.5832395
40.584361
40.5812548
40.582835
40.61164
40.6106898
40.610284
40.63523
40.601954
40.589807
40.585869
40.541407
40.5385244
40.6359459
40.599203
40.6097136
40.630988
40.5633901
40.5633089
40.562883
40.563486
40.562662
40.563607
40.563327
40.561843
40.562365
40.561155
40.5715
40.5716512
40.5439843
40.54021
40.5414613
40.547375
40.528232
40.5295739
40.529473
40.529177
40.530218
40.530336
40.530113
40.5345367
40.54226
40.5466413
40.546036
40.555887
40.5933192
40.5938322
40.591927
40.590959
40.5937759
40.591394
40.590177
40.575175
40.574612
40.574435
40.573551
40.57155
40.570981
40.568948
40.569291
40.569303
40.5546506
40.554699
40.5551257
40.528524
40.527713
40.5273482
40.5509316
40.5507891
40.550945
40.550773
40.5512704
40.551651
40.548032
40.548409
40.547752
40.548192
40.546924
40.58482
40.58395
40.583733
40.583823
40.5836565
40.554591
40.555317
40.557319
40.559478
40.558568
40.558221
40.58984
40.5894117
40.589015
40.5883433
40.5570499
40.546086
40.5564163
40.54731
40.5456163
40.5468562
40.549066
40.550823
40.550219
40.5511709
40.546524
40.546357
40.546116
40.552861
40.543529
40.5432839
40.5406035
40.5378029
40.5486121
40.5474603
40.587684
40.575137
40.5753024
40.5358057
40.5369817
40.537559
40.537168
40.5879823
40.5872138
40.545095
40.5455707
40.5453188
40.544276
40.544043
40.5437802
40.543639
40.542814
40.534442
40.59241
40.592096
40.591145
40.54235
40.540855
40.541442
40.5660455
40.5421731
40.5662458
40.5452631
40.547724
40.566381
40.565277
40.560285
40.561
40.563276
40.5638482
40.564068
40.564731
40.5649159
40.5839293
40.5838263
40.5835341
40.5828634
40.554867
40.554923
40.549691
40.551881
40.552014
40.552265
40.590913
40.590659
40.584506
40.583281
40.583611
40.583092
40.528943
40.529457
40.530133
40.5308747
40.530856
40.531666
40.531697
40.563361
40.562697
40.562651
40.562329
40.562003
40.560938
40.559243
40.5586879
40.5929067
40.593151
40.592126
40.5788171
40.5652101
40.552757
40.553082
40.552711
40.550776
40.550982
40.5521839
40.551421
40.536211
40.536737
40.5313689
40.5777626
40.5785928
40.6032154
40.5786345
40.5771094
40.576577
40.567661
40.567829
40.5565179
40.555924
40.552826
40.557569
40.556896
40.5747229
40.58043
40.5763867
40.578275
40.5764428
40.581187
40.580854
40.5802819
40.554322
40.560712
40.561406
40.561041
40.5621312
40.56286
40.562222
40.562375
40.546213
40.54524
40.544782
40.543892
40.5452159
40.544647
40.537804
40.537149
40.537562
40.5343873
40.5358639
40.5362889
40.5366849
40.546254
40.5427402
40.5384399
40.537854
40.5391799
40.539855
40.5393169
40.538173
40.6077031
40.6076904
40.6072722
40.609232
40.5933942
40.5942493
40.580091
40.560333
40.5433668
40.5446168
40.553343
40.549097
40.5517745
40.5516792
40.5390823
40.539342
40.5851771
40.5851809
40.5848563
40.6082708
40.607487
40.595104
40.564316
40.55198
40.552724
40.5614466
40.5468
40.5628079
40.563107
40.564303
40.5883022
40.5967067
40.617434
40.617244
40.597623
40.594471
40.596015
40.5657596
40.5718088
40.571335
40.573315
40.562582
40.563325
40.5423999
40.548417
40.548606
40.5484457
40.532294
40.532911
40.5302088
40.541135
40.541147
40.5474402
40.5959619
40.595553
40.615875
40.6157641
40.61544
40.612741
40.613013
40.571693
40.570984
40.572842
40.5650689
40.556534
40.5568359
40.559139
40.558063
40.553301
40.55415
40.553233
40.552884
40.537339
40.6121992
40.534474
40.535222
40.536712
40.533599
40.532044
40.531054
40.530627
40.53019
40.5296869
40.5292911
40.560147
40.559924
40.5374951
40.537392
40.5363048
40.5763593
40.5760766
40.5755743
40.575223
40.5749172
40.553014
40.613625
40.6071148
40.5922709
40.529663
40.531039
40.5321348
40.526952
40.52851
40.5303478
40.55929
40.602606
40.6050085
40.604712
40.6059902
40.5731917
40.572183
40.5513679
40.5514571
40.562449
40.562049
40.549099
40.5801975
40.5808025
40.6035761
40.6036431
40.575042
40.565422
40.564729
40.5639757
40.5644066
40.552402
40.5519427
40.535527
40.541746
40.606253
40.6066545
40.6062645
40.606
40.61238
40.570135
40.5339886
40.5333033
40.5575938
40.561245
40.538561
40.5761715
40.6040999
40.6028621
40.6021383
40.6022332
40.565998
40.553619
40.529057
40.598342
40.5974495
40.5968081
40.677431
40.691927
40.549569
40.550987
40.551981
40.552683
40.553896
40.518866
40.518489
40.5208197
40.5205089
40.521541
40.523064
40.523639
40.527246
40.527064
40.5270579
40.515707
40.517859
40.520001
40.594
40.5920976
40.592518
40.585391
40.5986386
40.5224199
40.5473519
40.547536
40.54784
40.548553
40.548502
40.5466011
40.506913
40.507317
40.5945763
40.5940749
40.5632935
40.5639759
40.7401777
40.595031
40.5978568
40.5986221
40.616396
40.616424
40.61611
40.616148
40.6164264
40.6166989
40.6087909
40.608415
40.6118841
40.6115523
40.611847
40.5474122
40.563532
40.562601
40.564517
40.708528
44.688828
40.5633727
40.511868
40.5121678
40.511594
40.512317
40.515716
40.5070307
40.5090582
40.510203
40.511912
40.5021122
40.505123
40.571475
40.603419
40.6030496
40.7182386
40.59528
40.5643687
40.5604317
40.544645
40.545544
40.544277
40.54378
40.6047985
40.6035135
40.6031285
40.6035268
40.597323
40.545567
40.545418
40.5448639
40.545039
40.549029
40.548799
40.548276
40.67039
40.7353021
40.542973
40.555493
40.556801
40.5418622
40.539874
40.539051
40.549014
40.549754
40.55017
40.551704
40.551625
40.5521
40.6202105
40.617432
40.617672
40.6175242
40.7529355
40.5152349
40.523953
40.523946
40.523891
40.5148986
40.5147949
40.515293
40.616814
40.6025881
40.603634
40.6073189
40.608264
40.602951
40.706686
40.7392259
40.546116
40.5479337
40.5008285
40.501193
40.602498
40.603627
40.602638
40.597618
43.6744423
40.596779
40.4995085
40.6189674
40.6161933
40.7692978
40.608499
40.614121
40.614582
40.6140274
40.613717
40.6063319
40.613447
40.6124023
40.612825
40.610558
40.607749
40.60743
40.60746
40.501952
40.506219
40.501523
40.8715846
40.502484
40.7045272
40.5477745
40.54656
40.545285
40.54278
40.543786
40.5436229
40.527318
40.5236948
40.544488
40.6066783
40.6074544
40.607994
40.607898
40.606749
40.6001892
40.5991969
40.597563
40.5870272
40.501435
40.5022308
40.5041605
40.5133547
40.5130714
40.5000809
40.6327531
40.6356922
40.5132702
40.7222377
40.6055675
40.605067
40.507107
40.506585
40.5075038
40.5115089
40.514767
40.514549
40.513379
40.513263
40.5860136
40.509728
40.516225
40.5165851
40.516044
40.5168572
40.515352
40.514587
40.5148409
40.513398
40.632349
40.514808
40.503605
40.7357759
40.6080766
40.517776
40.5179479
40.53923
40.540103
40.543778
40.555939
40.5543708
40.5549575
40.542443
40.506802
40.506527
40.5071258
40.506867
40.516977
40.514414
40.5952572
40.505659
40.7125791
40.77066
40.596384
40.7470176
40.547189
40.547217
40.547861
40.5644773
40.5637846
40.5638709
40.5643795
40.5091436
40.510193
40.510022
40.5102819
40.504932
40.504722
40.499379
40.5503451
40.5037014
40.6098286
40.5037217
40.5635984
40.5726508
40.571885
40.5706179
40.569109
40.559789
40.5615033
40.540074
40.540351
40.5509263
40.5028876
40.5032713
40.503331
40.5059577
40.508012
40.619782
40.6188567
40.5973924
40.748417
40.560723
40.5610352
40.5046469
40.6100939
40.6215161
40.6762849
40.5941416
40.563277
40.548103
40.549541
40.619464
40.620167
40.619121
40.720107
40.7265161
40.8043701
40.880885
40.721866
40.633654
40.620143
40.711183
40.7336947
40.570113
40.8140502
40.844619
40.748194
40.663755
40.653009
40.5634008
40.5813139
40.888423
40.6190629
40.7126326
40.884498
40.572111
40.8570733
40.864429
40.9104022
40.836395
40.856387
40.863331
40.8649929
40.5838025
40.5797363
40.6084279
40.5833872
40.84357
40.81327
40.894688
40.8153042
40.807811
40.848738
40.8381476
40.6055163
40.674195
40.840297
40.7060699
40.878304
40.8134254
40.732388
40.8133751
40.890863
40.885543
40.7330306
40.6956027
40.83858
40.8481167
40.693741
40.7010359
40.7369336
40.5835881
40.7210647
40.845458
40.592085
40.684346
40.879285
40.8515598
40.841577
40.7660422
40.7234295
40.850295
40.6716801
40.5867919
40.7107575
40.6898789
40.575244
40.7112504
40.7937747
40.579353
40.7109836
40.845284
40.836727
40.7394375
40.7208395
40.7153473
40.7035973
40.642919
40.6984592
40.624903
40.72839
40.680236
40.8289029
40.662946
40.7551871
40.692133
40.7243611
40.6885659
40.84091
40.6065965
40.7266705
40.7178565
40.875927
40.6945156
40.821921
40.591925
40.6404039
40.7113391
40.8637985
40.664967
40.880915
40.77521
40.747399
40.8650565
40.6024346
40.58631
40.7427287
40.84559
40.645935
40.737913
40.5822791
40.587563
40.5762523
40.6986289
40.7362995
40.832825
40.8666178
40.7139264
40.600708
40.839784
40.8373382
40.6701017
40.8777838
40.6760015
40.8762789
40.882333
40.6957741
40.633348
40.881363
40.8136722
40.7688249
40.832181
40.8485811
40.817559
40.6077132
40.692408
40.5967022
40.8127403
40.5614603
40.683161
40.7183382
40.7867891
40.846553
40.8579241
40.6664611
40.6121168
40.6084526
40.7532342
40.765245
40.7097744
40.6835665
40.591558
40.7516973
40.6792513
40.8146685
40.8168549
40.8776621
40.810426
40.823409
40.844473
40.845738
