-73.979389
-73.969533
-73.9877647
-73.9789338
-73.9799942
-73.9979995
-73.9984957
-73.9991191
-73.876452
-74.005542
-74.0059689
-73.9428439
-73.9567124
-74.0265355
-73.913384
-73.911208
-73.9112331
-74.004352
-73.984603
-73.9699811
-73.7873382
-73.8744131
-73.995733
-73.940872
-73.8989188
-73.8673116
-73.94564
-73.945568
-73.931772
-73.9290418
-73.965048
-73.7440287
-73.9962199
-73.867719
-73.9036487
-73.988902
-73.982708
-73.9871755
-73.9863847
-73.986627
-73.9839484
-74.003052
-74.001083
-74.0070909
-74.0067385
-74.0055119
-73.9180219
-73.925572
-73.955635
-73.9078044
-73.9267145
-73.9227731
-73.874485
-73.898983
-73.7863307
-73.883806
-73.8346829
-73.842435
-73.8479897
-73.882501
-73.89606
-73.857083
-73.861666
-73.851604
-73.830606
-73.9128229
-73.9215636
-73.8926
-73.843343
-73.81795
-73.830284
-73.8050936
-73.8086668
-73.827323
-73.8212846
-73.851119
-73.845892
-73.971766
-74.0103575
-74.0068217
-73.9981269
-73.9992861
-73.938442
-73.959842
-73.935665
-73.934906
-73.9203363
-73.98997
-73.968459
-73.984156
-73.936126
-73.930434
-73.9998084
-74.004176
-74.007143
-74.0047742
-74.008153
-73.946968
-73.9775201
-73.9538259
-73.748187
-73.8168329
-73.878905
-73.8124984
-73.89314
-73.941135
-73.9722331
-74.0014889
-73.9929667
-73.99352
-73.940057
-73.9597454
-73.965821
-73.940006
-73.8959605
-73.9810652
-73.96495
-73.9619644
-73.9941149
-73.974762
-73.988974
-73.9763949
-73.9635805
-73.932585
-73.9461071
-73.969271
-73.939443
-73.7752618
-73.9112261
-73.7641537
-73.7460393
-73.743733
-73.970449
-74.0084088
-74.0102487
-74.003744
-73.9400582
-73.9571437
-73.9468878
-73.878693
-73.985665
-73.9845344
-73.9927036
-73.994414
-74.011049
-73.9953694
-74.0034239
-74.00808
-74.0090362
-74.01233
-73.9549831
-73.947881
-73.9667998
-73.949143
-74.01553
-73.9897064
-73.990641
-73.9772075
-73.9810672
-73.9800335
-74.0054338
-73.9352909
-73.939115
-73.9732623
-73.999606
-73.999496
-74.025879
-73.950835
-73.976992
-73.83617
-73.847109
-73.836132
-73.915439
-73.8995764
-73.890292
-73.8830372
-73.860414
-73.818498
-73.859095
-73.8460209
-73.802858
-73.9029638
-73.884936
-73.856634
-73.8556459
-73.8480595
-73.81587
-73.785789
-73.888459
-73.824162
-73.898239
-73.871989
-73.917578
-73.9840561
-73.8597159
-73.983891
-73.9486018
-73.947978
-73.967906
-73.9246919
-73.897461
-73.8979795
-73.901922
-73.877912
-73.860097
-73.905408
-73.890942
-73.858976
-73.906912
-73.85548
-73.8434014
-73.861858
-73.9124572
-73.888321
-73.884603
-73.8943494
-73.867909
-73.834869
-73.8242621
-73.819777
-73.9035951
-73.9646611
-73.9632582
-73.9613876
-73.959255
-73.97604
-74.039698
-73.985077
-73.984679
-73.9071212
-73.96491
-73.9047951
-73.9611935
-77.649786
-73.921072
-73.9378336
-73.926292
-73.926196
-73.926687
-73.926604
-73.9269023
-73.928459
-73.886447
-73.8858708
-73.884144
-73.8490379
-73.86642
-74.0074659
-74.007148
-73.9648007
-73.9649685
-73.9595159
-73.9628722
-73.9628029
-73.9113023
-74.028236
-73.9066792
-73.9358861
-73.9443786
-73.9728172
-74.029014
-74.003994
-73.962548
-74.00312
-74.0034119
-74.03649
-74.028627
-73.9588951
-73.929848
-73.922018
-73.9207636
-73.9632833
-73.892391
-73.8685858
-73.889185
-73.859369
-73.827114
-73.849627
-73.85861
-73.822693
-73.809513
-73.904605
-73.877083
-73.856985
-73.846003
-73.810013
-73.8999
-73.901739
-73.8967977
-73.973893
-73.9721689
-73.963108
-74.025606
-73.9095959
-73.904838
-73.962395
-73.962303
-73.912413
-73.912068
-73.847286
-73.8290344
-73.870105
-73.842635
-73.917389
-73.874013
-73.837282
-73.849194
-73.913344
-73.8994888
-73.822639
-73.853083
-73.907549
-73.851024
-73.8564943
-74.038307
-73.90969
-73.9617224
-73.9616128
-73.9611733
-73.9667923
-73.925191
-73.925192
-74.0028031
-74.0238339
-74.022253
-73.874749
-73.881639
-73.89806
-73.871876
-73.849917
-73.9077503
-73.9117426
-73.81665
-73.813972
-73.908534
-73.865822
-73.8977112
-73.916791
-73.828146
-73.836628
-73.7857843
-73.894555
-73.84286
-73.828342
-73.974716
-73.974869
-73.8244859
-73.842493
-73.820713
-73.818949
-73.9120783
-73.894996
-73.8978661
-73.859268
-73.835557
-73.823705
-73.9057201
-73.911275
-73.7886329
-73.9291304
-73.955643
-73.9921337
-73.9362446
-73.964263
-73.848952
-73.907618
-73.853043
-73.854771
-73.8680478
-73.849766
-73.86561
-73.8433581
-73.918387
-73.921189
-73.9136476
-73.8938766
-73.8983219
-73.923845
-73.808858
-73.888623
-73.8878293
-73.8974917
-73.828479
-74.000668
-73.9551306
-73.851417
-73.842982
-73.881838
-73.889388
-73.854431
-73.848043
-73.845767
-73.850595
-73.858339
-73.833652
-73.844602
-73.841959
-73.835642
-73.9633558
-73.872694
-73.8729707
-74.0301739
-74.0390164
-73.842684
-73.8140279
-73.90219
-73.916057
-73.80283
-73.812585
-73.897154
-73.880053
-73.787509
-73.8968203
-73.9208083
-73.8294109
-73.851236
-73.997524
-73.9935973
-73.9568159
-73.9652514
-73.95526
-73.9188988
-73.8405744
-73.7882319
-73.8361498
-73.8510939
-73.8354048
-73.852879
-73.833434
-73.842501
-73.849585
-73.8571039
-73.8523454
-73.831484
-73.875283
-73.88914
-73.9664335
-73.961808
-73.961409
-74.0334008
-73.96993
-73.8449395
-73.837108
-73.8847356
-73.857539
-73.8708709
-73.8503215
-73.9526175
-73.8557632
-74.0155149
-73.959486
-73.8816056
-74.0106114
-73.936627
-73.959648
-73.901663
-73.901111
-73.902794
-73.869056
-73.848883
-73.8622539
-73.913362
-73.823741
-73.851896
-73.901407
-73.8849819
-73.852735
-73.79045
-73.9150833
-73.9206169
-73.904104
-73.889667
-73.8487992
-73.8944604
-73.8492025
-73.835657
-73.8308346
-73.8218314
-73.964059
-73.858917
-73.903335
-73.88764
-73.8309249
-73.9158133
-73.884062
-73.82012
-73.818807
-73.857478
-73.8244
-73.8850922
-73.849638
-73.821005
-73.914093
-73.806152
-73.882892
-73.836453
-73.8339079
-73.852641
-73.7868547
-73.7926128
-73.7454896
-73.8904486
-73.767178
-73.874557
-73.90751
-73.8605528
-73.849098
-73.92991
-73.830049
-73.907317
-73.9120258
-73.8314804
-73.836774
-73.8147131
-73.8076246
-73.9141099
-73.849516
-73.840568
-73.8153056
-73.905461
-73.897482
-73.8995821
-73.850209
-73.829133
-73.808565
-73.8506584
-73.914285
-73.845704
-73.883132
-73.909882
-73.916238
-73.877034
-73.7628063
-73.9186039
-73.8349439
-74.014784
-73.907819
-73.8831406
-73.787142
-73.8979675
-73.981798
-73.986759
-73.887264
-73.8672221
-73.840922
-73.868267
-73.9209764
-73.9134822
-73.847575
-73.9108084
-73.835492
-73.8651685
-73.7867801
-73.957477
-73.7679095
-73.738808
-73.7343606
-73.905404
-73.906189
-73.8977873
-73.914485
-73.889015
-73.859714
-73.8577402
-73.831656
-73.861559
-73.828268
-73.8247871
-73.908509
-73.85749
-73.855613
-73.897532
-73.898177
-73.8454365
-73.817693
-73.765184
-73.9648382
-73.931887
-73.8775305
-73.8546835
-73.801261
-73.903138
-73.887475
-73.817071
-73.847295
-73.9296826
-73.823758
-73.904148
-73.8324518
-73.825264
-73.821601
-73.8130783
-73.991871
-74.0059671
-73.9918936
-73.956078
-73.944121
-73.9550937
-73.9056933
-73.9275751
-73.862176
-73.832711
-73.833866
-73.8003109
-73.818063
-73.9095991
-73.9194953
-73.9082865
-73.758645
-73.748425
-73.910256
-73.9656069
-73.932623
-73.921338
-73.9260195
-73.9262962
-73.8865409
-73.821382
-73.8873
-73.853728
-73.9065959
-73.8930952
-73.8195368
-73.905829
-73.880054
-73.9717609
-73.935265
-73.9245555
-73.897571
-73.901256
-73.8556701
-73.73355
-73.9603565
-73.956923
-73.981696
-73.802565
-73.81031
-73.7838463
-73.8425631
-73.921642
-73.8849199
-73.786784
-73.89695
-73.8079783
-73.901296
-73.7471637
-73.8663377
-73.9195778
-73.9518949
-73.950422
-73.949717
-73.949496
-73.9278439
-73.9306919
-73.930018
-73.930831
-73.9148869
-73.9117889
-73.910065
-73.974774
-73.818352
-73.9034502
-73.89545
-73.887362
-73.832972
-73.833086
-73.909239
-73.8306968
-73.945831
-73.994847
-73.9341032
-73.7662481
-73.9121849
-73.913265
-73.9386759
-73.906943
-73.8978673
-73.9018339
-73.898663
-73.8868463
-73.861149
-73.823474
-73.917554
-73.880613
-73.907506
-73.9007
-73.7730098
-73.7389596
-73.8536673
-73.8455586
-73.8864217
-73.900785
-73.8498653
-73.889943
-73.82926
-73.7513718
-73.7257765
-73.8835249
-73.799826
-73.9196575
-73.9106077
-73.9547971
-73.94522
-73.910313
-73.9387691
-73.914595
-73.940747
-73.846626
-73.846143
-73.9053697
-73.900997
-73.9198689
-73.829293
-73.81763
-73.744696
-73.8280194
-73.890772
-73.8281549
-73.822711
-73.905728
-73.9434277
-73.843886
-73.8703449
-73.8746823
-73.96914
-73.9468036
-73.86985
-73.863792
-73.8982631
-73.849502
-73.93768
-73.903638
-73.902689
-73.868116
-73.8572441
-73.9166031
-73.9311065
-74.015917
-73.957964
-73.9452443
-73.9550218
-73.937978
-73.9378183
-73.986725
-73.92198
-73.832772
-73.8627802
-73.915683
-73.888921
-73.919924
-73.901508
-74.0298934
-73.960442
-73.924278
-73.956198
-74.0390113
-73.9090949
-73.786671
-73.8183705
-73.9520129
-73.924424
-73.963538
-73.905603
-73.9137561
-73.8113319
-73.7781602
-74.0042879
-74.004576
-73.955376
-73.9332018
-73.895667
-74.0242448
-73.846626
-73.8850919
-74.007032
-73.7506669
-73.955221
-73.909401
-73.9294163
-73.954813
-73.9593509
-73.9741198
-73.7295309
-73.8228057
-73.8622781
-73.754837
-73.9622658
-73.769659
-73.9094638
-73.9079346
-73.8779776
-73.891507
-73.906618
-73.8523768
-73.8801301
-73.940108
-73.91876
-73.8338681
-73.8858047
-73.7967534
-73.7422045
-73.8255021
-73.892438
-73.9082117
-73.8524489
-73.9713073
-73.7433882
-73.830168
-73.9438573
-73.80834
-73.7659962
-73.8323041
-73.7349584
-73.995238
-73.9348068
-73.869033
-73.8176414
-73.908182
-73.8863883
-73.891204
-73.9249147
-73.82855
-73.7708043
-73.760236
-73.7880982
-73.9033328
-74.0040484
-73.9405859
-73.8522696
-73.8422636
-73.818682
-73.934613
-73.9466379
-73.944101
-73.942738
-73.8677766
-73.8915048
-73.755707
-73.7623365
-73.7713542
-74.0103251
-73.9836084
-73.8965246
-74.0060767
-73.891643
-73.91227
-73.9120219
-73.889227
-73.9667483
-73.923554
-73.835446
-73.7353089
-73.7999186
-74.0395664
-73.9539844
-73.8563537
-73.7329771
-73.7568679
-73.8195889
-73.7847328
-73.7581593
-73.9106014
-73.768013
-73.916952
-73.8791059
-73.8680586
-73.875558
-73.894236
-73.8209399
-73.834037
-73.8251
-73.7661191
-73.9106782
-73.778044
-73.888699
-73.829296
-73.9111517
-73.8999117
-73.860296
-73.9577143
-73.8152989
-73.8348286
-73.9833486
-73.8514188
-73.883037
-73.8981881
-73.8563587
-73.8774776
-73.7373857
-73.8752808
-73.794359
-73.9076355
-73.864065
-73.864151
-73.86886
-73.9067528
-73.915012
-73.9803249
-73.828103
-73.885838
-73.951519
-73.85506
-73.7659025
-73.863414
-73.902157
-73.8957294
-73.7592019
-73.7688646
-73.9632167
-73.8770176
-73.7662552
-73.9121032
-73.9355551
-73.943025
-73.9201719
-73.9332568
-73.799482
-73.9183761
-73.946962
-73.96236
-73.935204
-73.827152
-74.0776147
-73.9729139
-73.941633
-73.9918859
-73.9701254
-73.941729
-73.9295728
-73.957892
-73.938709
-73.7867779
-73.9095279
-73.941236
-73.761068
-73.820509
-73.937624
-73.919272
-73.9651075
-73.9257665
-73.9352933
-73.820259
-73.929016
-73.873054
-73.9182756
-73.9104629
-73.9193276
-73.9574529
-73.9510545
-73.7458664
-73.8588549
-73.91997
-73.9718329
-73.9711405
-73.8578689
-73.8323751
-73.7534469
-74.0354909
-74.0324122
-73.955853
-73.958131
-74.016433
-73.7551929
-73.7568142
-73.9149692
-73.9220606
-73.9126101
-73.819634
-73.9509823
-73.958732
-73.907692
-73.9239051
-74.1307787
-73.9431773
-73.972145
-73.891374
-73.7437072
-73.8000691
-73.84608
-73.971456
-73.9717481
-73.927135
-73.7585037
-73.739367
-73.7588837
-73.785235
-73.8845922
-73.7747121
-73.892102
-73.9372952
-74.02813
-73.7266529
-73.950691
-73.909869
-73.9988199
-74.0008429
-73.745427
-73.7829141
-73.828586
-73.909304
-73.981737
-73.906049
-73.927502
-73.752154
-73.7624877
-73.9860237
-73.9656068
-73.77261
-73.820089
-73.8103148
-73.896869
-73.9070568
-73.853554
-73.745822
-73.8392216
-73.9954732
-73.8628475
-73.837555
-73.9041795
-73.8401824
-73.8304242
-73.7895549
-73.8430746
-73.7488865
-73.915771
-73.8296305
-73.7663189
-73.752804
-73.7738621
-73.758965
-73.753976
-73.9760003
-73.835113
-73.7775596
-73.7934583
-73.7559051
-73.7519832
-73.914635
-73.757346
-73.9831764
-73.901024
-73.7309556
-73.8741662
-73.8156165
-73.74275
-73.973044
-73.9539209
-73.9937631
-73.8023592
-73.7597435
-73.809127
-73.814261
-73.8250635
-73.8148248
-73.7438825
-73.789259
-73.782606
-73.8832808
-73.864013
-73.9094927
-73.9659162
-73.7931864
-73.7671071
-73.7689785
-73.776407
-73.9418603
-73.9517791
-73.831881
-73.8683697
-73.894381
-74.011006
-73.835575
-73.845241
-73.8575634
-73.975474
-73.9615484
-73.8492082
-73.7580477
-73.7284315
-73.809087
-74.00546
-73.7933735
-73.7563682
-73.9216423
-73.8224991
-73.9320701
-73.885033
-73.738645
-73.8517619
-73.957113
-73.7284363
-73.7844577
-73.8066965
-73.789866
-73.876948
-73.914162
-73.8821867
-73.827706
-73.905699
-73.9008379
-73.9846791
-73.9417293
-73.956282
-73.8340101
-73.7603916
-73.987523
-73.951588
-73.9921644
-73.8096734
-73.8020698
-73.8357372
-73.795712
-73.9136162
-73.923485
-73.836804
-73.836184
-73.85142
-73.870264
-73.983975
-73.97278
-73.936415
-73.905916
-73.844683
-73.9951463
-73.937962
-73.8708259
-73.878162
-73.896034
-73.8253019
-73.8874311
-73.7758501
-73.886869
-73.848709
-73.942856
-73.996491
-73.8297896
-73.908471
-73.7659819
-73.7361335
-73.7618667
-73.7647747
-74.0319927
-73.82816
-73.8554369
-73.9265759
-73.9128307
-73.9237122
-73.9458437
-73.7888463
-73.7847852
-73.8066845
-73.753535
-74.014517
-73.997562
-73.906468
-73.8664014
-73.9189849
-73.911263
-73.91054
-73.904297
-74.00562
-73.896136
-73.996291
-73.9349057
-73.902068
-73.8406568
-73.7832897
-73.908247
-73.7793046
-74.005937
-73.7878735
-73.812554
-73.9878145
-74.034364
-73.76511
-73.8034947
-73.962921
-73.961733
-73.899301
-73.943394
-73.8299558
-73.7875679
-73.7432037
-73.906738
-73.800488
-73.8351767
-73.874956
-74.0077219
-73.7905775
-73.841477
-73.8166038
-73.991966
-74.0066114
-73.9897844
-73.888572
-73.910811
-73.9217929
-73.9460222
-73.907969
-73.825529
-73.7556283
-73.7880133
-73.999538
-73.938137
-73.861325
-74.149367
-74.148404
-74.151544
-74.153294
-74.139776
-74.1375074
-74.137029
-74.150597
-74.1523261
-74.144405
-74.1458789
-74.158901
-74.159378
-74.159245
-74.1601056
-74.1597656
-74.173088
-74.173368
-74.1741
-74.173719
-74.175335
-74.17494
-74.173208
-74.12515
-74.1239758
-74.1241056
-74.123557
-74.127018
-74.146825
-74.1454679
-74.145791
-74.146092
-74.121208
-74.122126
-74.122641
-74.129958
-74.157262
-74.1558359
-74.1563962
-74.157409
-74.157335
-74.1574123
-74.1520207
-74.1524822
-74.146542
-74.146921
-74.147237
-74.1479884
-74.1493961
-74.147058
-74.131283
-74.134562
-74.1342832
-74.173415
-74.173339
-74.175022
-74.1916992
-74.1920142
-74.158973
-74.159207
-74.1304201
-74.129169
-74.119946
-74.118906
-74.119764
-74.120711
-74.1205389
-74.120918
-74.120676
-74.121207
-74.139156
-74.140051
-74.140418
-74.1589558
-74.1572689
-74.147619
-74.147075
-74.149902
-74.149394
-74.149158
-74.151516
-74.154235
-74.1527293
-74.1521617
-74.1575809
-74.1579919
-74.161758
-74.1594799
-74.1565059
-74.156049
-74.160512
-74.158727
-74.120705
-74.120354
-74.115483
-74.1439272
-74.1439329
-74.142084
-74.140185
-74.147267
-74.138121
-74.1085829
-74.1061327
-74.1109309
-74.110446
-74.1197497
-74.107287
-74.1329832
-74.133626
-74.1321701
-74.132293
-74.134969
-74.150267
-74.153899
-74.1535376
-74.153219
-74.152284
-74.153868
-74.1492729
-74.150384
-74.149992
-74.15001
-74.150542
-74.1515749
-74.13657
-74.136895
-74.1405736
-74.139328
-74.138195
-74.139313
-74.135499
-74.134574
-74.134125
-74.135693
-74.136607
-74.135039
-74.136737
-74.138524
-74.1524135
-74.153575
-74.0916079
-74.103897
-74.147993
-74.147007
-74.142103
-74.134668
-74.131752
-73.8843158
-74.074397
-74.072055
-74.0708387
-74.0709129
-74.0701076
-74.070029
-74.069216
-74.0925759
-74.134566
-74.100139
-74.093241
-74.0993075
-74.096832
-74.0999798
-74.099552
-74.093555
-74.14952
-74.149885
-74.148433
-74.149815
-74.14983
-74.1508084
-74.1526329
-74.166323
-74.167973
-74.155581
-74.15631
-74.157274
-74.157801
-74.152016
-74.150756
-74.167685
-74.1655079
-74.166685
-74.166675
-74.160222
-74.16109
-74.157396
-74.103871
-74.1028677
-74.1033387
-74.103612
-74.1016549
-74.115149
-74.1151649
-74.11518
-74.118657
-74.093688
-74.13808
-74.0945349
-74.1399069
-74.139277
-74.139021
-74.139482
-74.138801
-74.140991
-74.140364
-74.141148
-74.165955
-74.167523
-74.168063
-74.163706
-74.164084
-74.163644
-74.1645119
-74.164351
-74.164236
-74.119105
-74.144113
-74.1462696
-74.1472693
-74.147976
-74.147884
-74.1479241
-74.1457828
-74.13597
-74.094915
-74.095597
-74.1341383
-74.135568
-74.136729
-74.096262
-74.094745
-74.096796
-74.098699
-74.098985
-74.099537
-74.1706619
-74.1687799
-74.169245
-74.168984
-74.169074
-74.140378
-74.1386767
-74.141064
-74.141982
-74.1386767
-74.142338
-74.14155
-74.141633
-74.165987
-74.167216
-74.166137
-74.0945967
-74.093822
-74.090733
-74.090302
-74.0898013
-74.1364773
-74.1384153
-74.1391697
-74.1395118
-74.1606599
-74.16113
-74.161278
-74.0999217
-74.0997667
-74.1006496
-74.1010931
-74.101324
-74.101114
-74.109286
-74.1029735
-74.136651
-74.13663
-74.137907
-74.1702788
-74.141268
-75.0796307
-74.141996
-74.1112969
-74.113923
-74.112514
-74.120651
-74.1234991
-74.1225695
-74.14093
-74.141781
-74.160803
-74.161839
-74.1617983
-74.1612181
-74.160513
-74.172821
-74.171614
-74.171753
-74.175504
-74.1740776
-74.138482
-74.138307
-74.123076
-74.124843
-74.126652
-74.1279799
-74.128294
-74.1432843
-74.142934
-74.1715977
-74.1439809
-74.1441311
-74.145439
-76.8008748
-74.132777
-74.132551
-74.1517889
-74.1522237
-74.1891933
-74.176622
-74.1746125
-74.1981853
-74.1993706
-74.196385
-74.182915
-74.185561
-74.186086
-74.18655
-74.186691
-74.1892576
-74.127771
-74.105596
-74.1051417
-74.107573
-74.104237
-74.103272
-74.09918
-74.103508
-74.1028735
-74.1414307
-74.142875
-74.1438189
-74.142844
-74.154705
-74.154731
-74.136056
-74.156657
-74.14559
-74.130814
-74.1306516
-74.0841219
-74.0854344
-74.085872
-74.12392
-74.083091
-74.084042
-74.084137
-74.085203
-74.085004
-74.095567
-74.094643
-74.094437
-74.094953
-74.0934861
-74.1345992
-74.140458
-74.140646
-74.139544
-74.169335
-74.170881
-74.169684
-74.134162
-74.099949
-74.104844
-74.0810599
-74.0832062
-74.1356999
-74.099885
-74.137414
-74.137395
-74.137795
-74.137264
-74.140071
-74.1406456
-74.140332
-74.164741
-74.165311
-74.165623
-74.160879
-74.0939183
-74.0960281
-74.1674753
-74.163909
-74.163883
-74.1172934
-74.116885
-74.119574
-74.109836
-74.1073381
-74.108347
-74.108716
-74.109497
-74.11116
-74.1139716
-74.1175669
-74.11736
-74.117078
-74.102346
-74.155088
-74.16179
-74.160202
-74.158854
-74.168024
-74.1648699
-74.166118
-74.169532
-74.143223
-74.1422048
-74.140679
-74.1400202
-74.165151
-74.166833
-74.1110659
-74.110012
-74.1193506
-74.135504
-74.136367
-74.136341
-74.150746
-74.1523239
-74.139836
-74.141505
-74.1331278
-74.133545
-74.1339962
-74.142178
-74.0987414
-74.098167
-74.0983169
-74.097471
-74.118737
-74.141711
-74.148991
-74.1542365
-74.154424
-74.134726
-74.1633381
-74.1399519
-74.131868
-74.130456
-74.127877
-74.125587
-74.1264823
-74.128528
-74.147341
-74.1472136
-74.147985
-74.156348
-74.139791
-74.157576
-74.147542
-74.145781
-74.1431154
-74.130015
-74.123596
-74.1586677
-74.157191
-74.1073705
-74.106984
-74.10682
-74.105403
-74.111067
-74.109942
-74.109118
-74.108233
-74.1076609
-74.10842
-74.127351
-74.1271831
-74.1604238
-74.1609469
-74.1621716
-74.150877
-74.159755
-74.158962
-74.158536
-74.201359
-74.202377
-74.201776
-74.2015179
-74.2005679
-74.219057
-74.2203973
-74.21997
-74.214581
-74.0662035
-74.0655982
-74.065177
-74.066705
-74.0658277
-74.090092
-74.089992
-74.113335
-74.111967
-74.1135089
-74.113424
-74.130204
-74.129847
-74.12994
-74.127153
-74.126707
-74.141408
-74.142511
-74.1417028
-74.161913
-74.1621987
-74.1621965
-74.1503989
-74.1539517
-74.1536409
-74.153528
-74.152524
-74.153815
-74.177797
-74.1768
-74.182394
-74.182017
-74.2303435
-74.158145
-74.156234
-74.155256
-74.154033
-74.1545082
-74.196603
-74.1954389
-74.196422
-74.116601
-74.116417
-74.114505
-74.092571
-74.0931864
-74.093013
-74.092082
-74.1407291
-74.141338
-74.1410197
-74.1386786
-74.1399895
-74.1403622
-74.184697
-74.181969
-74.182055
-74.184049
-74.19525
-74.195618
-74.194201
-74.1523349
-74.169285
-74.1686575
-74.1678104
-74.191574
-74.1617625
-74.1628214
-74.092338
-74.116153
-74.1171868
-74.2230086
-74.2181298
-74.218235
-74.220946
-74.1623408
-74.1634929
-74.140361
-74.1412718
-74.1422217
-74.142431
-74.1438
-74.1439318
-74.142949
-74.144682
-74.163614
-74.0822589
-74.082185
-74.083645
-74.167472
-74.168364
-74.169203
-74.1332785
-74.1692618
-74.134637
-74.1674009
-74.179055
-74.132288
-74.13359
-74.175594
-74.175946
-74.147874
-74.1481033
-74.1490139
-74.1521267
-74.151209
-74.1592743
-74.1598028
-74.1599763
-74.1573455
-74.198984
-74.198607
-74.199662
-74.197463
-74.19778
-74.198404
-74.085159
-74.084388
-74.092515
-74.0907551
-74.0929309
-74.093844
-74.220176
-74.2178969
-74.220752
-74.2218199
-74.220414
-74.221929
-74.221547
-74.126304
-74.125306
-74.1259239
-74.123745
-74.123622
-74.122869
-74.119332
-74.121143
-74.0792301
-74.0785688
-74.078263
-74.099565
-74.1521606
-74.141305
-74.135249
-74.134366
-74.177387
-74.179599
-74.179308
-74.200045
-74.219471
-74.218482
-74.2211428
-74.1594636
-74.1569875
-74.0874201
-74.0992469
-74.1020413
-74.102178
-74.1346779
-74.135992
-74.117424
-74.11696
-74.181676
-74.1976679
-74.197477
-74.1638125
-74.15361
-74.1621771
-74.1613556
-74.1608453
-74.093085
-74.096554
-74.097291
-74.11857
-74.132176
-74.132703
-74.131627
-74.1315757
-74.132073
-74.131089
-74.126633
-74.1508999
-74.150981
-74.149491
-74.150463
-74.1532683
-74.193965
-74.183353
-74.185271
-74.184946
-74.1854729
-74.184401
-74.1830279
-74.1834529
-74.23186
-74.2462447
-74.2209226
-74.218849
-74.2192067
-74.2215302
-74.222295
-74.222636
-74.0823631
-74.0816667
-74.082362
-74.0806253
-74.0634474
-74.0632978
-74.094316
-74.107506
-74.151427
-74.1538196
-74.152539
-74.171697
-74.1863064
-74.1860243
-74.2215864
-74.223512
-74.1612682
-74.1618941
-74.16209
-74.0907578
-74.091173
-74.085443
-74.12819
-74.185888
-74.184363
-74.180975
-74.200547
-74.182388
-74.182203
-74.18198
-74.1629327
-74.0656165
-74.079323
-74.080175
-74.066429
-74.066807
-74.067088
-74.1023869
-74.132102
-74.133263
-74.131881
-74.127698
-74.125833
-74.1430445
-74.151236
-74.1518789
-74.1537539
-74.1539559
-74.153488
-74.1571315
-74.187808
-74.200725
-74.1988437
-74.0645354
-74.087599
-74.082044
-74.0827595
-74.083642
-74.0864129
-74.086276
-74.1239049
-74.123289
-74.126296
-74.1075455
-74.168203
-74.167336
-74.166338
-74.166051
-74.197199
-74.1941499
-74.1954669
-74.139983
-74.1436499
-74.0868304
-74.187232
-74.18673
-74.186842
-74.1897157
-74.164688
-74.164077
-74.163222
-74.163517
-74.1635969
-74.163241
-74.1090059
-74.110618
-74.1470105
-74.1468281
-74.1475286
-74.0845838
-74.0849867
-74.0847627
-74.085116
-74.0858579
-74.162557
-74.077183
-74.0811837
-74.065963
-74.166787
-74.167924
-74.1673066
-74.205808
-74.20441
-74.2050602
-74.110972
-74.092097
-74.0923099
-74.090766
-74.0905908
-74.0889677
-74.0901541
-74.137985
-74.1631134
-74.176713
-74.176823
-74.175397
-74.1564564
-74.1556943
-74.0891221
-74.088089
-74.102395
-74.101651
-74.101316
-74.1034268
-74.1011824
-74.142249
-74.1430925
-74.1497797
-74.203329
-74.087888
-74.0862767
-74.0865992
-74.085162
-74.0817284
-74.133617
-74.1510124
-74.1510488
-74.179772
-74.17242
-74.235269
-74.1636432
-74.0849323
-74.0835677
-74.0827518
-74.084481
-74.129873
-74.195592
-74.199856
-74.063866
-74.0633736
-74.0625017
-73.7277859
-73.78656
-74.209
-74.211174
-74.210752
-74.211378
-74.2106809
-74.1950899
-74.195811
-74.1958123
-74.196324
-74.197884
-74.199151
-74.198811
-74.1996209
-74.199467
-74.199951
-74.1971949
-74.19856
-74.199
-74.076464
-74.076912
-74.07513
-74.0958436
-73.7555886
-74.19927
-74.214378
-74.212532
-74.210967
-74.2113059
-74.210966
-74.2106922
-74.236197
-74.2360162
-74.1896175
-74.189201
-74.1405187
-74.137558
-73.8817985
-74.188151
-74.182645
-74.1822112
-74.065155
-74.064701
-74.065032
-74.066706
-74.067644
-74.067545
-74.075147
-74.074862
-74.0765953
-74.0758745
-74.07581
-74.2164539
-74.1383199
-74.139461
-74.1422
-73.833672
-73.462992
-74.184146
-74.232408
-74.2334398
-74.233948
-74.234208
-74.232896
-74.2349918
-74.2354161
-74.235585
-74.235534
-74.2351577
-74.237539
-74.119322
-74.069675
-74.0697683
-73.7899514
-73.7645197
-74.1843054
-74.1810828
-74.208854
-74.208744
-74.1545469
-74.155179
-74.0735662
-74.0727079
-74.0720383
-74.0708137
-74.077028
-74.2159549
-74.214867
-74.215231
-74.2136249
-74.217208
-74.21613
-74.215982
-73.8374278
-73.7602729
-74.15062
-74.154646
-74.154214
-74.1737209
-74.1736559
-74.174139
-74.215211
-74.217266
-74.216694
-74.214313
-74.213973
-74.212645
-74.0719947
-74.074479
-74.070806
-74.0717007
-73.7049888
-74.204353
-74.201417
-74.200439
-74.202613
-74.2033635
-74.202099
-74.203485
-74.0694709
-74.0717451
-74.0745419
-74.075959
-74.075823
-74.0759269
-73.817856
-73.8502921
-74.2151389
-74.2139784
-74.2370708
-74.237124
-74.073106
-74.073508
-74.0758203
-74.072949
-79.4427153
-74.073027
-74.244335
-74.0960191
-74.1228148
-73.7516669
-74.070983
-74.063594
-74.0620884
-74.0627767
-74.063047
-74.0739689
-74.064053
-74.0627642
-74.063108
-74.0615849
-74.069353
-74.068426
-74.068852
-74.246078
-74.247548
-74.246934
-73.8056414
-74.2487979
-73.8568211
-74.200493
-74.201826
-74.201233
-74.203318
-74.2050764
-74.204791
-74.190704
-74.190725
-74.211772
-74.0730426
-74.0717375
-74.0716
-74.073047
-74.074662
-74.075065
-74.073396
-74.082315
-74.0981835
-74.248799
-74.2501945
-74.250949
-74.2496288
-74.2503035
-74.2380388
-74.1611251
-74.1627117
-74.2505025
-73.8624349
-73.7683872
-73.7416913
-74.223485
-74.22539
-74.2276604
-74.230912
-74.19616
-74.195093
-74.194571
-74.195532
-74.0976664
-74.253019
-74.23872
-74.2387298
-74.239575
-74.2392461
-74.241
-74.241367
-74.2422689
-74.243983
-74.113698
-74.244286
-74.252004
-73.898236
-73.7436594
-74.195418
-74.194683
-74.215455
-74.2163629
-74.209498
-74.155198
-74.1537511
-74.1524441
-74.21431
-74.251228
-74.25137
-74.2422495
-74.25497
-74.242237
-74.247597
-74.0719588
-74.241128
-73.81539
-73.733036
-73.791443
-73.9411925
-74.167304
-74.168694
-74.167695
-74.0990689
-74.0985391
-74.0991554
-74.0997956
-74.2378753
-74.237431
-74.2366099
-74.239182
-74.2423412
-74.243234
-74.24335
-74.2117185
-74.2391207
-74.0596168
-74.2385297
-74.0995303
-74.1346952
-74.134613
-74.1350323
-74.136554
-74.1545019
-74.184105
-74.172769
-74.171922
-74.2146081
-74.2381189
-74.2387238
-74.2398539
-74.2398094
-74.240872
-74.072276
-74.0740348
-73.7927783
-73.914462
-74.155399
-74.1552157
-74.239096
-74.060401
-74.0735289
-73.7293243
-73.7737211
-74.1832249
-74.209097
-74.2101207
-74.075528
-74.072424
-74.0735577
-73.943529
-73.9036364
-73.9140165
-73.89946
-73.944661
-74.025233
-73.99452
-73.839191
-73.9373797
-73.860781
-73.8579133
-73.822522
-74.002712
-73.776319
-73.830196
-73.9129764
-73.8301303
-73.833738
-73.9653715
-73.7621291
-73.892805
-74.0011873
-73.8852507
-73.9045979
-73.8979013
-73.842965
-73.892666
-73.842744
-73.9048161
-73.9358183
-73.9647326
-73.755727
-73.9619955
-73.846996
-73.9059571
-73.915082
-73.8149513
-73.855659
-73.910867
-73.9163337
-73.8222219
-73.999159
-73.937237
-73.9653845
-73.919706
-73.8117287
-74.000955
-73.8076753
-73.83459
-73.895883
-74.0098625
-73.9785358
-73.848292
-73.8163375
-73.927209
-73.9404352
-73.9509003
-73.987087
-73.9455326
-73.785239
-73.802115
-73.906825
-73.876052
-73.8910473
-73.819573
-73.7240261
-73.9562853
-73.914374
-73.7530714
-73.9589562
-73.953071
-74.0173826
-73.843791
-73.8162326
-73.8265775
-73.941613
-73.8336354
-73.907261
-73.819098
-73.8141365
-74.0096302
-73.9830949
-74.0083003
-73.969109
-73.9112429
-73.937025
-73.955644
-73.9038723
-73.8237539
-73.766572
-73.7178892
-74.0140105
-73.9959089
-73.9817297
-73.851622
-73.7695112
-73.956735
-73.771716
-73.873253
-73.979328
-73.836854
-73.926644
-73.884942
-73.8940614
-73.9221654
-73.8353414
-73.827381
-73.746561
-73.9401095
-73.9026418
-73.762495
-73.922496
-73.8599265
-73.851729
-73.982942
-73.878018
-73.8303045
-73.923762
-73.9590776
-73.935559
-73.9580909
-73.899027
-73.8960345
-73.9966882
-73.7521565
-73.887079
-73.8424724
-73.7511881
-73.8292461
-73.8457285
-73.8918489
-73.919395
-73.9604054
-74.019625
-73.9132566
-73.8082761
-73.731765
-73.826632
-73.9143227
-73.916281
-73.7681121
-73.7629225
-73.7631483
-73.9280332
-73.9240795
-73.747074
-73.8349881
-73.8253371
-73.902741
-73.9066932
-73.7691638
-73.7482421
-73.8170736
-73.8299216
-73.8340049
-73.8045389
-73.772344
-73.9657749
-73.8297079
-73.7843072
-73.8919364
-73.801625
-73.8910553
-73.8889245
-73.888942
-73.918141
-73.824696
